111111111111111111111111111111111111111111111111111111111111111111111111111111111111111111111111
1                                                                                              1
1                                                                                              1
1                                                                                              1
1                                                                                              1
1                                                                                              1
1                                                                                              1
1                                                                                              1
1                                                                                              1
1                                                                                              1
1                       11111111111111111111111111111111111111111                              1
1                       1                             2         1                              1
1                       1       2             2                 1                              1
1                       1                                       1                              1
1                       -   2         4              2          1                              1
1                       -          44 44444 4                   1                              1
1                       1                  4               2   21                              1
1                       1               2                       +                              1
1                       1   2                                   +                              1
1                       11111111111111111111111111111111111111111                              1
1                                                                                              1
1                                                                                              1
1                                                                                              1
1                                                                                              1
1                                                                                              1
1                                                                                              1
1                                                                                              1
1                                                                                              1
1                                                                                              1
1                                                                                              1
1                                                                                              1
111111111111111111111111111111111111111111111111111111111111111111111111111111111111111111111111