111111111111111111111111111111111111111111111111111111111111111111111111111111111111111111111111
1                             1    33 3                           1                            1
1                             1      3                  2         1                            1
1                             1            2                      1                            1
1                             1                                   1                            1
1                             1          4444444         2        1                            1
1                             1   2                               1                            1
1                             -             333                   1                            1
1                             -                              2    1                            1
1                             1                                   1                            1
1                             1        2                          1                            1
1                             1                                   1                            1
1                             1                                   1                            1
1                             1                          2        1                            1
1                             1                   2               1                            1
1                             1          2                        1                            1
1                             1                  4                1                            1
1                             1                 4        2        1                            1
1                             1       2                           1                            1
1                             1                4                  1                            1
1                             1               4                   1                            1
1                             1                                   1                            1
1                             1             2                     1                            1
1                             1                                   1                            1
1                             1               44            2     1                            1
1                             1                444                1                            1
1                             1        2           4              1                            1
1                             1                    24             1                            1
1                             1                   4               1                            1
1                             1    2      33              2       1                            1
1                             1          3 33                     1                            1
1111111111111111111111111111111111111111111111111111111++111111111111111111111111111111111111111