111111111111111111111111111111111111111111111111111111111111111111111111111111111111111111111111
1                                                                                              1
1                                                                                              1
1                                                                                              1
1                 111111111111111111111111--1111111111111111111111111111111111                 1
1                 1                                                          1                 1
1                 1                     333 3                                1                 1
1                 1           2           33                           2     1                 1
1                 1                                    2                     1                 1
1                 1                               33      33                 1                 1
1                 1        2         2                               2       1                 1
1                 1                                           2              1                 1
1                 1                       2                                  1                 1
1                 1                                                          1                 1
1                 1    333                        444444444                  1                 1
1                 1     3       2                                            1                 1
1                 1                     2                        2   333     1                 1
1                 1                                                    3     1                 1
1                 1      2                                             3     1                 1
1                 1            4          4                                  1                 1
1                 1             4          4  4                 2            1                 1
1                 1            4            44                               1                 1
1                 1           4                                              1                 1
1                 1          4         2                                     1                 1
1                 1    2    4                           33 3 3       2       1                 1
1                 1                                    3 33 3 3              1                 1
1                 1111111111111111111111111++111111111111111111111111111111111                 1
1                                                                                              1
1                                                                                              1
1                                                                                              1
1                                                                                              1
111111111111111111111111111111111111111111111111111111111111111111111111111111111111111111111111