111111111111111111111111111111--1111111111111111111111111111111111111111111111111111111111111111
1                                 3 333 3                          33 333                      1
1                                  3 33                           33 33 3                      1
1                                   33                              3333                       1
1                      22                            2                                         1
1            2                                                               2   4             1
1                                                                              4               1
1                                                                             4                1
1                                                                            4                 1
1     33                               44444444                               4                1
1    3 33                                                          2                           1
1      33                                                                                      1
1                        2                                                                     1
1                                     2                                                 2      1
1                                                                  2                           1
1                                                                       2                      1
1                   2                                                                          +
1                                                                                              +
1                                                                                              1
1                                                                                              1
1              2                                 2                              2              1
1                                                                                              1
1                                     4                                  2                     1
1                                      4                                                       1
1           2                2          4                                             2        1
1                                        4 4                                                   1
1                                         4                  2                                 1
1                                                                                              1
1     2                                                                   4444444              1
1                33          2                                                                 1
1               3 3333                                                                         1
111111111111111111111111111111111111111111111111111111111111111111111111111111111111111111111111