111111111111111111111111111111111111111111111111111111111111111111111111111111111111111111111111
1                                                        2      2                              1
1                    22                                                   3           2        1
1                                                     2                  333                   1
1                                  2                                     3 33                  1
1                                                                       3 3 3                  1
1                    2                                                                         1
-                                        44444444444                                           1
-                                                       2                                      1
1      2                             2                                 2                       1
1                                                                                              1
1                                  22               33333                                      1
1             2                                     3 33 3                                     1
13                                                   33 33                                 2   1
1333                                                                                           1
133 3  44444444444                                                                             1
1333                               2                2             22          2                1
1                                                                                              1
1           2                     2                                                            1
1                                           44                                         2       1
1                                         44  44444             2         2                    1
1                                                  44                               2          1
1            44444444444   2            22   32                                                1
1  2                                 2                       2                                 1
1                                            2                                     2           1
1                                                                           2                  1
1                                                           44444444444                        1
1 2             2                                                                              1
1                                  2          333              2                 2             1
1                                            3 3 3                                          2  1
1                                           3 3 3 3                                            1
11111111111111111111111111111111111111111111111111111111111111111++11111111111111111111111111111